Motion Sensor Data File Sep 22, 2017 12:48 PM
Time (s)	Distance (cm)	Dist Error (cm)
0.000	21.695	0.239
0.010	21.690	0.239
0.020	21.702	0.239
0.030	21.735	0.239
0.040	21.789	0.239
0.050	21.853	0.239
0.060	21.951	0.239
0.070	22.053	0.239
0.080	22.185	0.239
0.090	22.338	0.239
0.100	22.483	0.239
0.110	22.663	0.239
0.120	22.846	0.239
0.130	23.034	0.239
0.140	23.235	0.239
0.150	23.445	0.239
0.160	23.654	0.239
0.170	23.877	0.239
0.180	24.086	0.239
0.190	24.313	0.239
0.200	24.535	0.239
0.210	24.740	0.239
0.220	24.971	0.239
0.230	25.155	0.239
0.240	25.352	0.239
0.250	25.552	0.239
0.260	25.706	0.239
0.270	25.907	0.239
0.280	26.022	0.239
0.290	26.154	0.239
0.300	26.282	0.239
0.310	26.375	0.239
0.320	26.447	0.239
0.330	26.528	0.239
0.340	26.715	0.239
0.350	26.736	0.239
0.360	26.705	0.239
0.370	26.678	0.239
0.380	26.651	0.239
0.390	26.486	0.239
0.400	26.377	0.239
0.410	26.312	0.239
0.420	26.147	0.239
0.430	26.013	0.239
0.440	25.870	0.239
0.450	25.705	0.239
0.460	25.536	0.239
0.470	25.350	0.239
0.480	25.147	0.239
0.490	24.957	0.239
0.500	24.732	0.239
0.510	24.529	0.239
0.520	24.300	0.239
0.530	24.083	0.239
0.540	23.876	0.239
0.550	23.656	0.239
0.560	23.440	0.239
0.570	23.241	0.239
0.580	23.033	0.239
0.590	22.839	0.239
0.600	22.657	0.239
0.610	22.483	0.239
0.620	22.336	0.239
0.630	22.189	0.239
0.640	22.071	0.239
0.650	21.976	0.239
0.660	21.863	0.239
0.670	21.806	0.239
0.680	21.736	0.239
0.690	21.718	0.239
0.700	21.695	0.239
0.710	21.694	0.239
0.720	21.718	0.239
0.730	21.760	0.239
0.740	21.823	0.239
0.750	21.899	0.239
0.760	22.019	0.239
0.770	22.121	0.239
0.780	22.266	0.239
0.790	22.415	0.239
0.800	22.573	0.239
0.810	22.748	0.239
0.820	22.928	0.239
0.830	23.128	0.239
0.840	23.325	0.239
0.850	23.530	0.239
0.860	23.748	0.239
0.870	23.979	0.239
0.880	24.193	0.239
0.890	24.407	0.239
0.900	24.638	0.239
0.910	24.834	0.239
0.920	25.035	0.239
0.930	25.271	0.239
0.940	25.420	0.239
0.950	25.672	0.239
0.960	25.766	0.239
0.970	25.950	0.239
0.980	26.069	0.239
0.990	26.235	0.239
1.000	26.393	0.239
1.010	26.400	0.239
1.020	26.477	0.239
1.030	26.531	0.239
1.040	26.560	0.239
1.050	26.572	0.239
1.060	26.554	0.239
1.070	26.509	0.239
1.080	26.457	0.239
1.090	26.400	0.239
1.100	26.321	0.239
1.110	26.225	0.239
1.120	26.074	0.239
1.130	25.965	0.239
1.140	25.783	0.239
1.150	25.631	0.239
1.160	25.441	0.239
1.170	25.255	0.239
1.180	25.048	0.239
1.190	24.857	0.239
1.200	24.637	0.239
1.210	24.425	0.239
1.220	24.205	0.239
1.230	23.980	0.239
1.240	23.760	0.239
1.250	23.548	0.239
1.260	23.331	0.239
1.270	23.124	0.239
1.280	22.929	0.239
1.290	22.739	0.239
1.300	22.570	0.239
1.310	22.410	0.239
1.320	22.258	0.239
1.330	22.115	0.239
1.340	21.998	0.239
1.350	21.898	0.239
1.360	21.815	0.239
1.370	21.736	0.239
1.380	21.697	0.239
1.390	21.669	0.239
1.400	21.660	0.239
1.410	21.680	0.239
1.420	21.713	0.239
1.430	21.772	0.239
1.440	21.840	0.239
1.450	21.929	0.239
1.460	22.031	0.239
1.470	22.163	0.239
1.480	22.295	0.239
1.490	22.440	0.239
1.500	22.615	0.239
1.510	22.790	0.239
1.520	22.987	0.239
1.530	23.192	0.239
1.540	23.393	0.239
1.550	23.611	0.239
1.560	23.829	0.239
1.570	24.043	0.239
1.580	24.266	0.239
1.590	24.484	0.239
1.600	24.697	0.239
1.610	24.907	0.239
1.620	25.108	0.239
1.630	25.317	0.239
1.640	25.501	0.239
1.650	25.680	0.239
1.660	25.847	0.239
1.670	26.061	0.239
1.680	26.133	0.239
1.690	26.407	0.239
1.700	26.479	0.239
1.710	26.494	0.239
1.720	26.532	0.239
1.730	26.681	0.239
1.740	26.599	0.239
1.750	26.731	0.239
1.760	26.712	0.239
1.770	26.672	0.239
1.780	26.551	0.239
1.790	26.442	0.239
1.800	26.364	0.239
1.810	26.264	0.239
1.820	26.039	0.239
1.830	25.935	0.239
1.840	25.736	0.239
1.850	25.584	0.239
1.860	25.389	0.239
1.870	25.203	0.239
1.880	25.004	0.239
1.890	24.793	0.239
1.900	24.593	0.239
1.910	24.369	0.239
1.920	24.153	0.239
1.930	23.932	0.239
1.940	23.711	0.239
1.950	23.500	0.239
1.960	23.288	0.239
1.970	23.097	0.239
1.980	22.912	0.239
1.990	22.721	0.239
2.000	22.548	0.239
2.010	22.392	0.239
2.020	22.249	0.239
2.030	22.123	0.239
2.040	22.015	0.239
2.050	21.897	0.239
2.060	21.844	0.239
2.070	21.762	0.239
2.080	21.739	0.239
2.090	21.725	0.239
2.100	21.724	0.239
2.110	21.736	0.239
2.120	21.777	0.239
2.130	21.832	0.239
2.140	21.895	0.239
2.150	22.010	0.239
2.160	22.099	0.239
2.170	22.244	0.239
2.180	22.385	0.239
2.190	22.543	0.239
2.200	22.705	0.239
2.210	22.897	0.239
2.220	23.077	0.239
2.230	23.282	0.239
2.240	23.487	0.239
2.250	23.701	0.239
2.260	23.923	0.239
2.270	24.133	0.239
2.280	24.347	0.239
2.290	24.573	0.239
2.300	24.779	0.239
2.310	25.005	0.239
2.320	25.219	0.239
2.330	25.381	0.239
2.340	25.745	0.239
2.350	25.740	0.239
2.360	26.066	0.239
2.370	26.198	0.239
2.380	26.325	0.239
2.390	26.436	0.239
2.400	26.534	0.239
2.410	26.541	0.239
2.420	26.656	0.239
2.430	26.698	0.239
2.440	26.714	0.239
2.450	26.709	0.239
2.460	26.686	0.239
2.470	26.638	0.239
2.480	26.572	0.239
2.490	26.497	0.239
2.500	26.402	0.239
2.510	26.134	0.239
2.520	26.163	0.239
2.530	25.878	0.239
2.540	25.701	0.239
2.550	25.549	0.239
2.560	25.333	0.239
2.570	25.134	0.239
2.580	24.935	0.239
2.590	24.719	0.239
2.600	24.516	0.239
2.610	24.286	0.239
2.620	24.070	0.239
2.630	23.863	0.239
2.640	23.647	0.239
2.650	23.431	0.239
2.660	23.232	0.239
2.670	23.024	0.239
2.680	22.834	0.239
2.690	22.652	0.239
2.700	22.487	0.239
2.710	22.332	0.239
2.720	22.197	0.239
2.730	22.080	0.239
2.740	21.984	0.239
2.750	21.880	0.239
2.760	21.822	0.239
2.770	21.757	0.239
2.780	21.739	0.239
2.790	21.724	0.239
2.800	21.727	0.239
2.810	21.752	0.239
2.820	21.798	0.239
2.830	21.857	0.239
2.840	21.942	0.239
2.850	22.044	0.239
2.860	22.172	0.239
2.870	22.304	0.239
2.880	22.440	0.239
2.890	22.615	0.239
2.900	22.782	0.239
2.910	22.974	0.239
2.920	23.167	0.239
2.930	23.367	0.239
2.940	23.568	0.239
2.950	23.795	0.239
2.960	24.026	0.239
2.970	24.249	0.239
2.980	24.467	0.239
2.990	24.732	0.239
3.000	24.915	0.239
3.010	25.108	0.239
3.020	25.468	0.239
3.030	25.647	0.239
3.040	25.831	0.239
3.050	25.984	0.239
3.060	26.147	0.239
3.070	26.279	0.239
3.080	26.398	0.239
3.090	26.504	0.239
3.100	26.593	0.239
3.110	26.653	0.239
3.120	26.707	0.239
3.130	26.736	0.239
3.140	26.748	0.239
3.150	26.734	0.239
3.160	26.703	0.239
3.170	26.650	0.239
3.180	26.593	0.239
3.190	26.506	0.239
3.200	26.401	0.239
3.210	26.276	0.239
3.220	26.150	0.239
3.230	25.985	0.239
3.240	25.829	0.239
3.250	25.639	0.239
3.260	25.470	0.239
3.270	25.262	0.239
3.280	25.038	0.239
3.290	24.679	0.239
3.300	24.584	0.239
3.310	24.342	0.239
3.320	24.022	0.239
3.330	23.832	0.239
3.340	23.586	0.239
3.350	23.374	0.239
3.360	23.154	0.239
3.370	22.972	0.239
3.380	22.773	0.239
3.390	22.609	0.239
3.400	22.444	0.239
3.410	22.309	0.239
3.420	22.158	0.239
3.430	22.045	0.239
3.440	21.945	0.239
3.450	21.853	0.239
3.460	21.783	0.239
3.470	21.735	0.239
3.480	21.721	0.239
3.490	21.711	0.239
3.500	21.727	0.239
3.510	21.764	0.239
3.520	21.815	0.239
3.530	21.883	0.239
3.540	21.989	0.239
3.550	22.074	0.239
3.560	22.206	0.239
3.570	22.351	0.239
3.580	22.492	0.239
3.590	22.667	0.239
3.600	22.842	0.239
3.610	23.039	0.239
3.620	23.235	0.239
3.630	23.444	0.239
3.640	23.658	0.239
3.650	23.872	0.239
3.660	24.086	0.239
3.670	24.313	0.239
3.680	24.522	0.239
3.690	24.727	0.239
3.700	24.980	0.239
3.710	25.137	0.239
3.720	25.356	0.239
3.730	25.582	0.239
3.740	25.732	0.239
3.750	26.036	0.239
3.760	26.082	0.239
3.770	26.300	0.239
3.780	26.424	0.239
3.790	26.508	0.239
3.800	26.589	0.239
3.810	26.648	0.239
3.820	26.698	0.239
3.830	26.736	0.239
3.840	26.734	0.239
3.850	26.716	0.239
3.860	26.676	0.239
3.870	26.619	0.239
3.880	26.537	0.239
3.890	26.449	0.239
3.900	26.341	0.239
3.910	26.202	0.239
3.920	26.072	0.239
3.930	25.748	0.239
3.940	25.760	0.239
3.950	25.539	0.239
3.960	25.388	0.239
3.970	25.189	0.239
3.980	24.869	0.239
3.990	24.778	0.239
4.000	24.386	0.239
4.010	24.169	0.239
4.020	23.945	0.239
4.030	23.724	0.239
4.040	23.517	0.239
4.050	23.318	0.239
4.060	23.123	0.239
4.070	22.928	0.239
4.080	22.747	0.239
4.090	22.574	0.239
4.100	22.422	0.239
4.110	22.270	0.239
4.120	22.145	0.239
4.130	22.027	0.239
4.140	21.936	0.239
4.150	21.866	0.239
4.160	21.809	0.239
4.170	21.769	0.239
4.180	21.755	0.239
4.190	21.758	0.239
4.200	21.774	0.239
4.210	21.816	0.239
4.220	21.866	0.239
4.230	21.951	0.239
4.240	22.049	0.239
4.250	22.159	0.239
4.260	22.291	0.239
4.270	22.449	0.239
4.280	22.603	0.239
4.290	22.774	0.239
4.300	22.957	0.239
4.310	23.145	0.239
4.320	23.351	0.239
4.330	23.543	0.239
4.340	23.761	0.239
4.350	24.026	0.239
4.360	24.214	0.239
4.370	24.398	0.239
4.380	24.818	0.239
4.390	24.890	0.239
4.400	25.091	0.239
4.410	25.425	0.239
4.420	25.445	0.239
4.430	25.793	0.239
4.440	25.821	0.239
4.450	26.104	0.239
4.460	26.215	0.239
4.470	26.355	0.239
4.480	26.466	0.239
4.490	26.551	0.239
4.500	26.618	0.239
4.510	26.673	0.239
4.520	26.711	0.239
4.530	26.727	0.239
4.540	26.717	0.239
4.550	26.686	0.239
4.560	26.637	0.239
4.570	26.567	0.239
4.580	26.488	0.239
4.590	26.397	0.239
4.600	26.271	0.239
4.610	26.150	0.239
4.620	25.998	0.239
4.630	25.834	0.239
4.640	25.669	0.239
4.650	25.337	0.239
4.660	25.284	0.239
4.670	24.939	0.239
4.680	24.701	0.239
4.690	24.494	0.239
4.700	24.260	0.239
4.710	24.057	0.239
4.720	23.832	0.239
4.730	23.616	0.239
4.740	23.413	0.239
4.750	23.205	0.239
4.760	23.011	0.239
4.770	22.816	0.239
4.780	22.643	0.239
4.790	22.474	0.239
4.800	22.331	0.239
4.810	22.188	0.239
4.820	22.084	0.239
4.830	21.979	0.239
4.840	21.884	0.239
4.850	21.826	0.239
4.860	21.761	0.239
4.870	21.738	0.239
4.880	21.733	0.239
4.890	21.740	0.239
4.900	21.773	0.239
4.910	21.811	0.239
4.920	21.874	0.239
4.930	21.981	0.239
4.940	22.061	0.239
4.950	22.206	0.239
4.960	22.334	0.239
4.970	22.466	0.239
4.980	22.641	0.239
4.990	22.803	0.239
5.000	22.996	0.239
5.010	23.192	0.239
5.020	23.393	0.239
5.030	23.607	0.239
5.040	23.834	0.239
5.050	24.047	0.239
5.060	24.265	0.239
5.070	24.483	0.239
5.080	24.715	0.239
5.090	24.915	0.239
5.100	25.112	0.239
5.110	25.481	0.239
5.120	25.501	0.239
5.130	25.835	0.239
5.140	25.834	0.239
5.150	26.155	0.239
5.160	26.274	0.239
5.170	26.398	0.239
5.180	26.487	0.239
5.190	26.585	0.239
5.200	26.635	0.239
5.210	26.681	0.239
5.220	26.715	0.239
5.230	26.718	0.239
5.240	26.703	0.239
5.250	26.672	0.239
5.260	26.628	0.239
5.270	26.554	0.239
5.280	26.475	0.239
5.290	26.367	0.239
5.300	26.228	0.239
5.310	26.102	0.239
5.320	25.950	0.239
5.330	25.794	0.239
5.340	25.604	0.239
5.350	25.422	0.239
5.360	25.099	0.239
5.370	24.994	0.239
5.380	24.826	0.239
5.390	24.446	0.239
5.400	24.397	0.239
5.410	24.022	0.239
5.420	23.802	0.239
5.430	23.611	0.239
5.440	23.357	0.239
5.450	23.149	0.239
5.460	22.971	0.239
5.470	22.777	0.239
5.480	22.621	0.239
5.490	22.465	0.239
5.500	22.322	0.239
5.510	22.175	0.239
5.520	22.070	0.239
5.530	21.983	0.239
5.540	21.879	0.239
5.550	21.830	0.239
5.560	21.769	0.239
5.570	21.755	0.239
5.580	21.758	0.239
5.590	21.783	0.239
5.600	21.816	0.239
5.610	21.858	0.239
5.620	21.930	0.239
5.630	22.027	0.239
5.640	22.130	0.239
5.650	22.266	0.239
5.660	22.394	0.239
5.670	22.551	0.239
5.680	22.701	0.239
5.690	22.885	0.239
5.700	23.077	0.239
5.710	23.278	0.239
5.720	23.483	0.239
5.730	23.693	0.239
5.740	23.911	0.239
5.750	24.124	0.239
5.760	24.334	0.239
5.770	24.560	0.239
5.780	24.765	0.239
5.790	25.053	0.239
5.800	25.172	0.239
5.810	25.364	0.239
5.820	25.711	0.239
5.830	25.740	0.239
5.840	26.036	0.239
5.850	26.172	0.239
5.860	26.295	0.239
5.870	26.406	0.239
5.880	26.504	0.239
5.890	26.571	0.239
5.900	26.626	0.239
5.910	26.668	0.239
5.920	26.697	0.239
5.930	26.691	0.239
5.940	26.677	0.239
5.950	26.633	0.239
5.960	26.576	0.239
5.970	26.497	0.239
5.980	26.406	0.239
5.990	26.285	0.239
6.000	26.159	0.239
6.010	26.015	0.239
6.020	25.701	0.239
6.030	25.678	0.239
6.040	25.350	0.239
6.050	25.186	0.239
6.060	24.969	0.239
6.070	24.753	0.239
6.080	24.550	0.239
6.090	24.321	0.239
6.100	24.109	0.239
6.110	23.889	0.239
6.120	23.668	0.239
6.130	23.465	0.239
6.140	23.266	0.239
6.150	23.071	0.239
6.160	22.876	0.239
6.170	22.704	0.239
6.180	22.530	0.239
6.190	22.383	0.239
6.200	22.249	0.239
6.210	22.114	0.239
6.220	22.001	0.239
6.230	21.923	0.239
6.240	21.853	0.239
6.250	21.795	0.239
6.260	21.760	0.239
6.270	21.755	0.239
6.280	21.766	0.239
6.290	21.782	0.239
6.300	21.820	0.239
6.310	21.870	0.239
6.320	21.968	0.239
6.330	22.040	0.239
6.340	22.176	0.239
6.350	22.300	0.239
6.360	22.445	0.239
6.370	22.615	0.239
6.380	22.786	0.239
6.390	22.970	0.239
6.400	23.167	0.239
6.410	23.363	0.239
6.420	23.564	0.239
6.430	23.782	0.239
6.440	23.996	0.239
6.450	24.240	0.239
6.460	24.419	0.239
6.470	24.758	0.239
6.480	24.958	0.239
6.490	25.216	0.239
6.500	25.429	0.239
6.510	25.609	0.239
6.520	25.797	0.239
6.530	25.950	0.239
6.540	26.108	0.239
6.550	26.236	0.239
6.560	26.355	0.239
6.570	26.466	0.239
6.580	26.559	0.239
6.590	26.627	0.239
6.600	26.673	0.239
6.610	26.706	0.239
6.620	26.718	0.239
6.630	26.708	0.239
6.640	26.681	0.239
6.650	26.628	0.239
6.660	26.567	0.239
6.670	26.488	0.239
6.680	26.375	0.239
6.690	26.271	0.239
6.700	26.150	0.239
6.710	25.981	0.239
6.720	25.838	0.239
6.730	25.647	0.239
6.740	25.483	0.239
6.750	25.267	0.239
6.760	25.076	0.239
6.770	24.692	0.239
6.780	24.515	0.239
6.790	24.256	0.239
6.800	24.040	0.239
6.810	23.837	0.239
6.820	23.616	0.239
6.830	23.404	0.239
6.840	23.197	0.239
6.850	23.002	0.239
6.860	22.816	0.239
6.870	22.647	0.239
6.880	22.478	0.239
6.890	22.326	0.239
6.900	22.184	0.239
6.910	22.079	0.239
6.920	21.988	0.239
6.930	21.884	0.239
6.940	21.835	0.239
6.950	21.769	0.239
6.960	21.743	0.239
6.970	21.737	0.239
6.980	21.749	0.239
6.990	21.773	0.239
7.000	21.819	0.239
7.010	21.891	0.239
7.020	21.993	0.239
7.030	22.078	0.239
7.040	22.210	0.239
7.050	22.355	0.239
7.060	22.492	0.239
7.070	22.662	0.239
7.080	22.829	0.239
7.090	23.017	0.239
7.100	23.214	0.239
7.110	23.410	0.239
7.120	23.628	0.239
7.130	23.846	0.239
7.140	24.056	0.239
7.150	24.287	0.239
7.160	24.492	0.239
7.170	24.701	0.239
7.180	24.919	0.239
7.190	25.103	0.239
7.200	25.334	0.239
7.210	25.488	0.239
7.220	25.689	0.239
7.230	25.821	0.239
7.240	26.121	0.239
7.250	26.162	0.239
7.260	26.385	0.239
7.270	26.478	0.239
7.280	26.559	0.239
7.290	26.614	0.239
7.300	26.655	0.239
7.310	26.684	0.239
7.320	26.692	0.239
7.330	26.678	0.239
7.340	26.642	0.239
7.350	26.589	0.239
7.360	26.494	0.239
7.370	26.428	0.239
7.380	26.319	0.239
7.390	26.107	0.239
7.400	26.055	0.239
7.410	25.735	0.239
7.420	25.610	0.239
7.430	25.385	0.239
7.440	25.190	0.239
7.450	25.000	0.239
7.460	24.792	0.239
7.470	24.593	0.239
7.480	24.373	0.239
7.490	24.161	0.239
7.500	23.940	0.239
7.510	23.724	0.239
7.520	23.521	0.239
7.530	23.309	0.239
7.540	23.115	0.239
7.550	22.924	0.239
7.560	22.743	0.239
7.570	22.582	0.239
7.580	22.431	0.239
7.590	22.279	0.239
7.600	22.149	0.239
7.610	22.036	0.239
7.620	21.948	0.239
7.630	21.862	0.239
7.640	21.804	0.239
7.650	21.756	0.239
7.660	21.742	0.239
7.670	21.754	0.239
7.680	21.778	0.239
7.690	21.811	0.239
7.700	21.862	0.239
7.710	21.942	0.239
7.720	22.044	0.239
7.730	22.138	0.239
7.740	22.266	0.239
7.750	22.411	0.239
7.760	22.569	0.239
7.770	22.731	0.239
7.780	22.906	0.239
7.790	23.111	0.239
7.800	23.312	0.239
7.810	23.509	0.239
7.820	23.714	0.239
7.830	23.927	0.239
7.840	24.141	0.239
7.850	24.351	0.239
7.860	24.582	0.239
7.870	24.770	0.239
7.880	24.992	0.239
7.890	25.172	0.239
7.900	25.368	0.239
7.910	25.578	0.239
7.920	25.714	0.239
7.930	25.984	0.239
7.940	26.064	0.239
7.950	26.265	0.239
7.960	26.406	0.239
7.970	26.499	0.239
7.980	26.524	0.239
7.990	26.613	0.239
8.000	26.509	0.239
8.010	26.675	0.239
8.020	26.661	0.239
8.030	26.621	0.239
8.040	26.594	0.239
8.050	26.550	0.239
8.060	26.437	0.239
8.070	26.354	0.239
8.080	26.104	0.239
8.090	26.120	0.239
8.100	25.826	0.239
8.110	25.657	0.239
8.120	25.497	0.239
8.130	25.294	0.239
8.140	25.108	0.239
8.150	24.900	0.239
8.160	24.697	0.239
8.170	24.477	0.239
8.180	24.261	0.239
8.190	24.049	0.239
8.200	23.833	0.239
8.210	23.616	0.239
8.220	23.409	0.239
8.230	23.219	0.239
8.240	23.015	0.239
8.250	22.829	0.239
8.260	22.652	0.239
8.270	22.483	0.239
8.280	22.335	0.239
8.290	22.193	0.239
8.300	22.075	0.239
8.310	21.975	0.239
8.320	21.880	0.239
8.330	21.827	0.239
8.340	21.770	0.239
8.350	21.738	0.239
8.360	21.729	0.239
8.370	21.736	0.239
8.380	21.761	0.239
8.390	21.803	0.239
8.400	21.862	0.239
8.410	21.959	0.239
8.420	22.040	0.239
8.430	22.167	0.239
8.440	22.304	0.239
8.450	22.440	0.239
8.460	22.620	0.239
8.470	22.782	0.239
8.480	22.974	0.239
8.490	23.162	0.239
8.500	23.359	0.239
8.510	23.560	0.239
8.520	23.782	0.239
8.530	23.988	0.239
8.540	24.201	0.239
8.550	24.419	0.239
8.560	24.642	0.239
8.570	24.838	0.239
8.580	25.039	0.239
8.590	25.240	0.239
8.600	25.415	0.239
8.610	25.603	0.239
8.620	25.752	0.239
8.630	25.915	0.239
8.640	26.034	0.239
8.650	26.179	0.239
8.660	26.264	0.239
8.670	26.365	0.239
8.680	26.420	0.239
8.690	26.484	0.239
8.700	26.642	0.239
8.710	26.670	0.239
8.720	26.661	0.239
8.730	26.629	0.239
8.740	26.546	0.239
8.750	26.387	0.239
8.760	26.278	0.239
8.770	26.147	0.239
8.780	26.035	0.239
8.790	25.926	0.239
8.800	25.744	0.239
8.810	25.610	0.239
8.820	25.411	0.239
8.830	25.229	0.239
8.840	25.022	0.239
8.850	24.827	0.239
8.860	24.615	0.239
8.870	24.408	0.239
8.880	24.200	0.239
8.890	23.984	0.239
8.900	23.781	0.239
8.910	23.573	0.239
8.920	23.352	0.239
8.930	23.154	0.239
8.940	22.972	0.239
8.950	22.781	0.239
8.960	22.626	0.239
8.970	22.457	0.239
8.980	22.318	0.239
8.990	22.171	0.239
9.000	22.066	0.239
9.010	21.988	0.239
9.020	21.879	0.239
9.030	21.835	0.239
9.040	21.773	0.239
9.050	21.755	0.239
9.060	21.754	0.239
9.070	21.770	0.239
9.080	21.799	0.239
9.090	21.837	0.239
9.100	21.908	0.239
9.110	22.010	0.239
9.120	22.099	0.239
9.130	22.240	0.239
9.140	22.372	0.239
9.150	22.517	0.239
9.160	22.675	0.239
9.170	22.859	0.239
9.180	23.034	0.239
9.190	23.239	0.239
9.200	23.423	0.239
9.210	23.645	0.239
9.220	23.863	0.239
9.230	24.069	0.239
9.240	24.283	0.239
9.250	24.496	0.239
9.260	24.697	0.239
9.270	24.919	0.239
9.280	25.112	0.239
9.290	25.296	0.239
9.300	25.488	0.239
9.310	25.646	0.239
9.320	25.803	0.239
9.330	26.000	0.239
9.340	26.081	0.239
9.350	26.247	0.239
9.360	26.461	0.239
9.370	26.413	0.239
9.380	26.480	0.239
9.390	26.608	0.239
9.400	26.624	0.239
9.410	26.636	0.239
9.420	26.587	0.239
9.430	26.431	0.239
9.440	26.383	0.239
9.450	26.313	0.239
9.460	26.234	0.239
9.470	26.104	0.239
9.480	25.987	0.239
9.490	25.870	0.239
9.500	25.675	0.239
9.510	25.541	0.239
9.520	25.329	0.239
9.530	25.155	0.239
9.540	24.952	0.239
9.550	24.758	0.239
9.560	24.546	0.239
9.570	24.338	0.239
9.580	24.131	0.239
9.590	23.911	0.239
9.600	23.707	0.239
9.610	23.491	0.239
9.620	23.288	0.239
9.630	23.097	0.239
9.640	22.911	0.239
9.650	22.730	0.239
9.660	22.569	0.239
9.670	22.418	0.239
9.680	22.283	0.239
9.690	22.145	0.239
9.700	22.036	0.239
9.710	21.962	0.239
9.720	21.870	0.239
9.730	21.826	0.239
9.740	21.773	0.239
9.750	21.764	0.239
9.760	21.775	0.239
9.770	21.804	0.239
9.780	21.833	0.239
9.790	21.888	0.239
9.800	21.981	0.239
9.810	22.057	0.239
9.820	22.181	0.239
9.830	22.305	0.239
9.840	22.437	0.239
9.850	22.603	0.239
9.860	22.774	0.239
9.870	22.953	0.239
9.880	23.154	0.239
9.890	23.351	0.239
9.900	23.543	0.239
9.910	23.748	0.239
9.920	23.962	0.239
9.930	24.180	0.239
9.940	24.390	0.239
9.950	24.599	0.239
9.960	24.808	0.239
9.970	25.018	0.239
9.980	25.198	0.239
9.990	25.398	0.239
10.000	25.715	0.239
10.010	25.748	0.239
10.020	26.040	0.239
10.030	26.159	0.239
10.040	26.171	0.239
10.050	26.427	0.239
10.060	26.503	0.239
10.070	26.576	0.239
10.080	26.617	0.239
10.090	26.491	0.239
10.100	26.589	0.239
10.110	26.541	0.239
10.120	26.505	0.239
10.130	26.474	0.239
10.140	26.503	0.239
10.150	26.459	0.239
10.160	26.346	0.239
10.170	26.134	0.239
10.180	26.116	0.239
10.190	25.783	0.239
10.200	25.649	0.239
10.210	25.467	0.239
10.220	25.298	0.239
10.230	25.087	0.239
10.240	24.900	0.239
10.250	24.680	0.239
10.260	24.473	0.239
10.270	24.256	0.239
10.280	24.040	0.239
10.290	23.833	0.239
10.300	23.612	0.239
10.310	23.409	0.239
10.320	23.219	0.239
10.330	23.015	0.239
10.340	22.833	0.239
10.350	22.656	0.239
10.360	22.492	0.239
10.370	22.340	0.239
10.380	22.210	0.239
10.390	22.084	0.239
10.400	21.992	0.239
10.410	21.893	0.239
10.420	21.840	0.239
10.430	21.778	0.239
10.440	21.752	0.239
10.450	21.742	0.239
10.460	21.753	0.239
10.470	21.773	0.239
10.480	21.820	0.239
10.490	21.887	0.239
10.500	21.976	0.239
10.510	22.057	0.239
10.520	22.185	0.239
10.530	22.326	0.239
10.540	22.462	0.239
10.550	22.637	0.239
10.560	22.803	0.239
10.570	22.992	0.239
10.580	23.180	0.239
10.590	23.376	0.239
10.600	23.585	0.239
10.610	23.795	0.239
10.620	24.000	0.239
10.630	24.218	0.239
10.640	24.432	0.239
10.650	24.650	0.239
10.660	24.855	0.239
10.670	25.048	0.239
10.680	25.253	0.239
10.690	25.424	0.239
10.700	25.603	0.239
10.710	25.757	0.239
10.720	25.919	0.239
10.730	26.034	0.239
10.740	26.153	0.239
10.750	26.259	0.239
10.760	26.349	0.239
10.770	26.403	0.239
10.780	26.454	0.239
10.790	26.478	0.239
10.800	26.516	0.239
10.810	26.510	0.239
10.820	26.462	0.239
10.830	26.409	0.239
10.840	26.313	0.239
10.850	26.243	0.239
10.860	26.117	0.239
10.870	26.005	0.239
10.880	25.879	0.239
10.890	25.714	0.239
10.900	25.567	0.239
10.910	25.368	0.239
10.920	25.199	0.239
10.930	24.996	0.239
10.940	24.797	0.239
10.950	24.590	0.239
10.960	24.373	0.239
10.970	24.174	0.239
10.980	23.954	0.239
10.990	23.746	0.239
11.000	23.539	0.239
11.010	23.331	0.239
11.020	23.132	0.239
11.030	22.950	0.239
11.040	22.765	0.239
11.050	22.600	0.239
11.060	22.440	0.239
11.070	22.297	0.239
11.080	22.162	0.239
11.090	22.062	0.239
11.100	21.984	0.239
11.110	21.875	0.239
11.120	21.826	0.239
11.130	21.773	0.239
11.140	21.755	0.239
11.150	21.758	0.239
11.160	21.774	0.239
11.170	21.804	0.239
11.180	21.850	0.239
11.190	21.934	0.239
11.200	22.036	0.239
11.210	22.130	0.239
11.220	22.262	0.239
11.230	22.398	0.239
11.240	22.547	0.239