Motion Sensor Data File Sep 22, 2017 12:51 PM
Time (s)	Velocity (cm/s)
0.000	NaN
0.010	-0.559
0.020	1.204
0.030	3.311
0.040	5.461
0.050	6.321
0.060	9.804
0.070	10.191
0.080	13.201
0.090	15.351
0.100	14.534
0.110	17.931
0.120	18.361
0.130	18.791
0.140	20.081
0.150	20.984
0.160	20.941
0.170	22.231
0.180	20.941
0.190	22.661
0.200	22.231
0.210	20.554
0.220	23.091
0.230	18.361
0.240	19.651
0.250	20.081
0.260	15.394
0.270	20.081
0.280	11.481
0.290	13.201
0.300	12.814
0.310	9.331
0.320	7.181
0.330	8.041
0.340	18.791
0.350	2.064
0.360	-3.139
0.370	-2.709
0.380	-2.666
0.390	-16.469
0.400	-10.879
0.410	-6.579
0.420	-16.426
0.430	-13.459
0.440	-14.319
0.450	-16.426
0.460	-16.899
0.470	-18.619
0.480	-20.296
0.490	-19.049
0.500	-22.489
0.510	-20.296
0.520	-22.919
0.530	-21.629
0.540	-20.726
0.550	-22.059
0.560	-21.586
0.570	-19.909
0.580	-20.769
0.590	-19.436
0.600	-18.189
0.610	-17.329
0.620	-14.706
0.630	-14.749
0.640	-11.739
0.650	-9.589
0.660	-11.266
0.670	-5.719
0.680	-7.009
0.690	-1.806
0.700	-2.279
0.710	-0.129
0.720	2.451
0.730	4.214
0.740	6.321
0.750	7.611
0.760	11.911
0.770	10.234
0.780	14.491
0.790	14.921
0.800	15.781
0.810	17.501
0.820	17.974
0.830	20.081
0.840	19.651
0.850	20.511
0.860	21.801
0.870	23.134
0.880	21.371
0.890	21.371
0.900	23.091
0.910	19.651
0.920	20.124
0.930	23.521
0.940	14.921
0.950	25.241
0.960	9.331
0.970	18.404
0.980	11.911
0.990	16.641
1.000	15.781
1.010	0.731
1.020	7.654
1.030	5.461
1.040	2.881
1.050	1.161
1.060	-1.806
1.070	-4.429
1.080	-5.289
1.090	-5.676
1.100	-7.869
1.110	-9.589
1.120	-15.136
1.130	-10.879
1.140	-18.189
1.150	-15.179
1.160	-19.006
1.170	-18.619
1.180	-20.726
1.190	-19.049
1.200	-22.059
1.210	-21.156
1.220	-22.059
1.230	-22.489
1.240	-22.016
1.250	-21.199
1.260	-21.629
1.270	-20.726
1.280	-19.479
1.290	-19.049
1.300	-16.856
1.310	-16.039
1.320	-15.179
1.330	-14.276
1.340	-11.739
1.350	-10.019
1.360	-8.256
1.370	-7.869
1.380	-3.999
1.390	-2.709
1.400	-0.946
1.410	2.021
1.420	3.311
1.430	5.891
1.440	6.794
1.450	8.901
1.460	10.191
1.470	13.201
1.480	13.244
1.490	14.491
1.500	17.501
1.510	17.501
1.520	19.651
1.530	20.554
1.540	20.081
1.550	21.801
1.560	21.801
1.570	21.371
1.580	22.274
1.590	21.801
1.600	21.371
1.610	20.941
1.620	20.081
1.630	20.941
1.640	18.404
1.650	17.931
1.660	16.641
1.670	21.371
1.680	7.224
1.690	27.391
1.700	7.181
1.710	1.591
1.720	3.741
1.730	14.964
1.740	-8.299
1.750	13.201
1.760	-1.849
1.770	-3.956
1.780	-12.169
1.790	-10.879
1.800	-7.826
1.810	-10.019
1.820	-22.489
1.830	-10.406
1.840	-19.909
1.850	-15.179
1.860	-19.436
1.870	-18.619
1.880	-19.909
1.890	-21.156
1.900	-19.909
1.910	-22.489
1.920	-21.586
1.930	-22.059
1.940	-22.059
1.950	-21.156
1.960	-21.199
1.970	-19.049
1.980	-18.576
1.990	-19.049
2.000	-17.329
2.010	-15.566
2.020	-14.319
2.030	-12.599
2.040	-10.836
2.050	-11.739
2.060	-5.289
2.070	-8.256
2.080	-2.279
2.090	-1.419
2.100	-0.129
2.110	1.204
2.120	4.171
2.130	5.461
2.140	6.321
2.150	11.524
2.160	8.901
2.170	14.491
2.180	14.061
2.190	15.781
2.200	16.254
2.210	19.221
2.220	17.931
2.230	20.511
2.240	20.511
2.250	21.414
2.260	22.231
2.270	20.941
2.280	21.371
2.290	22.661
2.300	20.554
2.310	22.661
2.320	21.371
2.330	16.211
2.340	36.421
2.350	-0.516
2.360	32.551
2.370	13.201
2.380	12.771
2.390	11.051
2.400	9.804
2.410	0.731
2.420	11.481
2.430	4.171
2.440	1.634
2.450	-0.559
2.460	-2.279
2.470	-4.816
2.480	-6.579
2.490	-7.439
2.500	-9.589
2.510	-26.746
2.520	2.881
2.530	-28.509
2.540	-17.716
2.550	-15.179
2.560	-21.629
2.570	-19.866
2.580	-19.909
2.590	-21.629
2.600	-20.296
2.610	-22.919
2.620	-21.629
2.630	-20.726
2.640	-21.629
2.650	-21.586
2.660	-19.909
2.670	-20.769
2.680	-19.006
2.690	-18.189
2.700	-16.469
2.710	-15.566
2.720	-13.459
2.730	-11.739
2.740	-9.589
2.750	-10.406
2.760	-5.719
2.770	-6.579
2.780	-1.806
2.790	-1.419
2.800	0.301
2.810	2.451
2.820	4.644
2.830	5.891
2.840	8.471
2.850	10.191
2.860	12.814
2.870	13.201
2.880	13.631
2.890	17.501
2.900	16.641
2.910	19.264
2.920	19.221
2.930	20.081
2.940	20.081
2.950	22.661
2.960	23.134
2.970	22.231
2.980	21.801
2.990	26.531
3.000	18.361
3.010	19.264
3.020	35.991
3.030	17.931
3.040	18.361
3.050	15.351
3.060	16.254
3.070	13.201
3.080	11.911
3.090	10.621
3.100	8.901
3.110	5.934
3.120	5.461
3.130	2.881
3.140	1.204
3.150	-1.419
3.160	-3.139
3.170	-5.289
3.180	-5.676
3.190	-8.729
3.200	-10.449
3.210	-12.556
3.220	-12.599
3.230	-16.469
3.240	-15.566
3.250	-19.049
3.260	-16.899
3.270	-20.726
3.280	-22.489
3.290	-35.819
3.300	-9.546
3.310	-24.209
3.320	-31.949
3.330	-19.006
3.340	-24.639
3.350	-21.199
3.360	-22.016
3.370	-18.189
3.380	-19.909
3.390	-16.426
3.400	-16.469
3.410	-13.459
3.420	-15.136
3.430	-11.309
3.440	-10.019
3.450	-9.116
3.460	-7.009
3.470	-4.859
3.480	-1.419
3.490	-0.946
3.500	1.591
3.510	3.741
3.520	5.074
3.530	6.751
3.540	10.621
3.550	8.471
3.560	13.201
3.570	14.534
3.580	14.061
3.590	17.501
3.600	17.501
3.610	19.694
3.620	19.651
3.630	20.941
3.640	21.371
3.650	21.371
3.660	21.371
3.670	22.704
3.680	20.941
3.690	20.511
3.700	25.241
3.710	15.781
3.720	21.844
3.730	22.661
3.740	14.921
3.750	30.401
3.760	4.601
3.770	21.844
3.780	12.341
3.790	8.471
3.800	8.041
3.810	5.934
3.820	5.031
3.830	3.741
3.840	-0.129
3.850	-1.806
3.860	-3.999
3.870	-5.719
3.880	-8.256
3.890	-8.729
3.900	-10.879
3.910	-13.889
3.920	-12.986
3.930	-32.379
3.940	1.161
3.950	-22.016
3.960	-15.179
3.970	-19.909
3.980	-31.906
3.990	-9.159
4.000	-39.216
4.010	-21.629
4.020	-22.489
4.030	-22.016
4.040	-20.769
4.050	-19.909
4.060	-19.436
4.070	-19.479
4.080	-18.189
4.090	-17.286
4.100	-15.179
4.110	-15.179
4.120	-12.556
4.130	-11.739
4.140	-9.159
4.150	-7.009
4.160	-5.676
4.170	-3.999
4.180	-1.419
4.190	0.344
4.200	1.591
4.210	4.171
4.220	5.031
4.230	8.514
4.240	9.761
4.250	11.051
4.260	13.201
4.270	15.824
4.280	15.351
4.290	17.071
4.300	18.361
4.310	18.791
4.320	20.554
4.330	19.221
4.340	21.801
4.350	26.531
4.360	18.791
4.370	18.404
4.380	42.011
4.390	7.181
4.400	20.081
4.410	33.411
4.420	2.021
4.430	34.744
4.440	2.881
4.450	28.251
4.460	11.051
4.470	14.061
4.480	11.094
4.490	8.471
4.500	6.751
4.510	5.461
4.520	3.784
4.530	1.591
4.540	-0.989
4.550	-3.096
4.560	-4.859
4.570	-7.009
4.580	-7.869
4.590	-9.116
4.600	-12.599
4.610	-12.169
4.620	-15.136
4.630	-16.469
4.640	-16.469
4.650	-33.196
4.660	-5.289
4.670	-34.529
4.680	-23.736
4.690	-20.769
4.700	-23.349
4.710	-20.296
4.720	-22.489
4.730	-21.586
4.740	-20.339
4.750	-20.769
4.760	-19.436
4.770	-19.479
4.780	-17.329
4.790	-16.856
4.800	-14.319
4.810	-14.319
4.820	-10.406
4.830	-10.449
4.840	-9.589
4.850	-5.719
4.860	-6.536
4.870	-2.279
4.880	-0.559
4.890	0.774
4.900	3.311
4.910	3.741
4.920	6.321
4.930	10.664
4.940	8.041
4.950	14.491
4.960	12.771
4.970	13.201
4.980	17.544
4.990	16.211
5.000	19.221
5.010	19.651
5.020	20.081
5.030	21.414
5.040	22.661
5.050	21.371
5.060	21.801
5.070	21.801
5.080	23.134
5.090	20.081
5.100	19.651
5.110	36.851
5.120	2.021
5.130	33.454
5.140	-0.129
5.150	32.121
5.160	11.911
5.170	12.341
5.180	8.944
5.190	9.761
5.200	5.031
5.210	4.601
5.220	3.354
5.230	0.301
5.240	-1.419
5.250	-3.139
5.260	-4.386
5.270	-7.439
5.280	-7.869
5.290	-10.836
5.300	-13.889
5.310	-12.599
5.320	-15.136
5.330	-15.609
5.340	-19.049
5.350	-18.146
5.360	-32.379
5.370	-10.449
5.380	-16.856
5.390	-37.969
5.400	-4.859
5.410	-37.496
5.420	-22.059
5.430	-19.049
5.440	-25.456
5.450	-20.769
5.460	-17.759
5.470	-19.436
5.480	-15.609
5.490	-15.609
5.500	-14.276
5.510	-14.749
5.520	-10.449
5.530	-8.686
5.540	-10.449
5.550	-4.859
5.560	-6.106
5.570	-1.419
5.580	0.301
5.590	2.451
5.600	3.354
5.610	4.171
5.620	7.181
5.630	9.761
5.640	10.234
5.650	13.631
5.660	12.771
5.670	15.781
5.680	14.964
5.690	18.361
5.700	19.221
5.710	20.081
5.720	20.511
5.730	20.984
5.740	21.801
5.750	21.371
5.760	20.941
5.770	22.661
5.780	20.511
5.790	28.724
5.800	11.911
5.810	19.221
5.820	34.701
5.830	2.881
5.840	29.584
5.850	13.631
5.860	12.341
5.870	11.051
5.880	9.804
5.890	6.751
5.900	5.461
5.910	4.171
5.920	2.924
5.930	-0.559
5.940	-1.419
5.950	-4.429
5.960	-5.676
5.970	-7.869
5.980	-9.159
5.990	-12.126
6.000	-12.599
6.010	-14.319
6.020	-31.476
6.030	-2.279
6.040	-32.809
6.050	-16.426
6.060	-21.629
6.070	-21.629
6.080	-20.296
6.090	-22.919
6.100	-21.199
6.110	-22.016
6.120	-22.059
6.130	-20.339
6.140	-19.866
6.150	-19.479
6.160	-19.479
6.170	-17.286
6.180	-17.329
6.190	-14.749
6.200	-13.416
6.210	-13.459
6.220	-11.309
6.230	-7.826
6.240	-7.009
6.250	-5.719
6.260	-3.526
6.270	-0.559
6.280	1.161
6.290	1.591
6.300	3.784
6.310	5.031
6.320	9.761
6.330	7.181
6.340	13.674
6.350	12.341
6.360	14.491
6.370	17.071
6.380	17.071
6.390	18.404
6.400	19.651
6.410	19.651
6.420	20.081
6.430	21.801
6.440	21.414
6.450	24.381
6.460	17.931
6.470	33.841
6.480	20.081
6.490	25.714
6.500	21.371
6.510	17.931
6.520	18.791
6.530	15.351
6.540	15.824
6.550	12.771
6.560	11.911
6.570	11.051
6.580	9.374
6.590	6.751
6.600	4.601
6.610	3.311
6.620	1.204
6.630	-0.989
6.640	-2.709
6.650	-5.289
6.660	-6.106
6.670	-7.869
6.680	-11.309
6.690	-10.406
6.700	-12.169
6.710	-16.899
6.720	-14.276
6.730	-19.049
6.740	-16.469
6.750	-21.586
6.760	-19.049
6.770	-38.399
6.780	-17.716
6.790	-25.929
6.800	-21.629
6.810	-20.296
6.820	-22.059
6.830	-21.199
6.840	-20.726
6.850	-19.479
6.860	-18.619
6.870	-16.856
6.880	-16.899
6.890	-15.179
6.900	-14.276
6.910	-10.449
6.920	-9.159
6.930	-10.406
6.940	-4.859
6.950	-6.579
6.960	-2.666
6.970	-0.559
6.980	1.161
6.990	2.451
7.000	4.644
7.010	7.181
7.020	10.191
7.030	8.471
7.040	13.244
7.050	14.491
7.060	13.631
7.070	17.071
7.080	16.641
7.090	18.834
7.100	19.651
7.110	19.651
7.120	21.801
7.130	21.801
7.140	20.984
7.150	23.091
7.160	20.511
7.170	20.941
7.180	21.801
7.190	18.404
7.200	23.091
7.210	15.351
7.220	20.081
7.230	13.201
7.240	30.014
7.250	4.171
7.260	22.231
7.270	9.331
7.280	8.084
7.290	5.461
7.300	4.171
7.310	2.881
7.320	0.774
7.330	-1.419
7.340	-3.569
7.350	-5.289
7.360	-9.546
7.370	-6.579
7.380	-10.879
7.390	-21.156
7.400	-5.289
7.410	-31.949
7.420	-12.556
7.430	-22.489
7.440	-19.479
7.450	-19.006
7.460	-20.769
7.470	-19.909
7.480	-22.016
7.490	-21.199
7.500	-22.059
7.510	-21.586
7.520	-20.339
7.530	-21.156
7.540	-19.479
7.550	-19.049
7.560	-18.146
7.570	-16.039
7.580	-15.179
7.590	-15.136
7.600	-13.029
7.610	-11.309
7.620	-8.729
7.630	-8.686
7.640	-5.719
7.650	-4.859
7.660	-1.376
7.670	1.161
7.680	2.451
7.690	3.311
7.700	5.074
7.710	8.041
7.720	10.191
7.730	9.331
7.740	12.814
7.750	14.491
7.760	15.781
7.770	16.211
7.780	17.501
7.790	20.554
7.800	20.081
7.810	19.651
7.820	20.511
7.830	21.371
7.840	21.414
7.850	20.941
7.860	23.091
7.870	18.791
7.880	22.231
7.890	17.974
7.900	19.651
7.910	20.941
7.920	13.631
7.930	26.961
7.940	8.084
7.950	20.081
7.960	14.061
7.970	9.331
7.980	2.494
7.990	8.901
8.000	-10.449
8.010	16.641
8.020	-1.376
8.030	-3.999
8.040	-2.709
8.050	-4.386
8.060	-11.309
8.070	-8.299
8.080	-25.069
8.090	1.634
8.100	-29.369
8.110	-16.899
8.120	-15.996
8.130	-20.339
8.140	-18.619
8.150	-20.726
8.160	-20.339
8.170	-22.016
8.180	-21.629
8.190	-21.199
8.200	-21.586
8.210	-21.629
8.220	-20.769
8.230	-19.006
8.240	-20.339
8.250	-18.619
8.260	-17.716
8.270	-16.899
8.280	-14.749
8.290	-14.276
8.300	-11.739
8.310	-10.019
8.320	-9.546
8.330	-5.289
8.340	-5.719
8.350	-3.139
8.360	-0.946
8.370	0.731
8.380	2.451
8.390	4.214
8.400	5.891
8.410	9.761
8.420	8.041
8.430	12.771
8.440	13.674
8.450	13.631
8.460	17.931
8.470	16.211
8.480	19.264
8.490	18.791
8.500	19.651
8.510	20.081
8.520	22.231
8.530	20.554
8.540	21.371
8.550	21.801
8.560	22.231
8.570	19.651
8.580	20.124
8.590	20.081
8.600	17.501
8.610	18.791
8.620	14.921
8.630	16.254
8.640	11.911
8.650	14.491
8.660	8.471
8.670	10.191
8.680	5.504
8.690	6.321
8.700	15.781
8.710	2.881
8.720	-0.946
8.730	-3.139
8.740	-8.299
8.750	-15.996
8.760	-10.879
8.770	-13.029
8.780	-11.266
8.790	-10.879
8.800	-18.189
8.810	-13.416
8.820	-19.909
8.830	-18.189
8.840	-20.726
8.850	-19.479
8.860	-21.199
8.870	-20.726
8.880	-20.769
8.890	-21.629
8.900	-20.296
8.910	-20.769
8.920	-22.059
8.930	-19.866
8.940	-18.189
8.950	-19.049
8.960	-15.566
8.970	-16.899
8.980	-13.889
8.990	-14.706
9.000	-10.449
9.010	-7.869
9.020	-10.836
9.030	-4.429
9.040	-6.149
9.050	-1.806
9.060	-0.129
9.070	1.591
9.080	2.881
9.090	3.784
9.100	7.181
9.110	10.191
9.120	8.901
9.130	14.104
9.140	13.201
9.150	14.491
9.160	15.781
9.170	18.361
9.180	17.544
9.190	20.511
9.200	18.361
9.210	22.231
9.220	21.801
9.230	20.554
9.240	21.371
9.250	21.371
9.260	20.081
9.270	22.231
9.280	19.264
9.290	18.361
9.300	19.221
9.310	15.781
9.320	15.781
9.330	19.694
9.340	8.041
9.350	16.641
9.360	21.371
9.370	-4.816
9.380	6.751
9.390	12.771
9.400	1.591
9.410	1.204
9.420	-4.859
9.430	-15.609
9.440	-4.816
9.450	-7.009
9.460	-7.869
9.470	-13.029
9.480	-11.696
9.490	-11.739
9.500	-19.479
9.510	-13.416
9.520	-21.199
9.530	-17.329
9.540	-20.296
9.550	-19.479
9.560	-21.199
9.570	-20.726
9.580	-20.769
9.590	-22.016
9.600	-20.339
9.610	-21.629
9.620	-20.296
9.630	-19.049
9.640	-18.619
9.650	-18.146
9.660	-16.039
9.670	-15.179
9.680	-13.416
9.690	-13.889
9.700	-10.879
9.710	-7.396
9.720	-9.159
9.730	-4.429
9.740	-5.289
9.750	-0.946
9.760	1.161
9.770	2.881
9.780	2.881
9.790	5.504
9.800	9.331
9.810	7.611
9.820	12.341
9.830	12.384
9.840	13.201
9.850	16.641
9.860	17.071
9.870	17.974
9.880	20.081
9.890	19.651
9.900	19.221
9.910	20.511
9.920	21.414
9.930	21.801
9.940	20.941
9.950	20.941
9.960	20.941
9.970	20.984
9.980	17.931
9.990	20.081
10.000	31.691
10.010	3.311
10.020	29.154
10.030	11.911
10.040	1.161
10.050	25.671
10.060	7.611
10.070	7.224
10.080	4.171
10.090	-12.599
10.100	9.761
10.110	-4.816
10.120	-3.569
10.130	-3.139
10.140	2.924
10.150	-4.429
10.160	-11.309
10.170	-21.156
10.180	-1.849
10.190	-33.239
10.200	-13.416
10.210	-18.189
10.220	-16.899
10.230	-21.156
10.240	-18.619
10.250	-22.059
10.260	-20.726
10.270	-21.629
10.280	-21.629
10.290	-20.726
10.300	-22.059
10.310	-20.339
10.320	-19.006
10.330	-20.339
10.340	-18.189
10.350	-17.716
10.360	-16.469
10.370	-15.179
10.380	-12.986
10.390	-12.599
10.400	-9.159
10.410	-9.976
10.420	-5.289
10.430	-6.149
10.440	-2.666
10.450	-0.989
10.460	1.161
10.470	2.021
10.480	4.644
10.490	6.751
10.500	8.901
10.510	8.041
10.520	12.814
10.530	14.061
10.540	13.631
10.550	17.501
10.560	16.641
10.570	18.834
10.580	18.791
10.590	19.651
10.600	20.941
10.610	20.941
10.620	20.554
10.630	21.801
10.640	21.371
10.650	21.801
10.660	20.511
10.670	19.264
10.680	20.511
10.690	17.071
10.700	17.931
10.710	15.394
10.720	16.211
10.730	11.481
10.740	11.911
10.750	10.621
10.760	8.944
10.770	5.461
10.780	5.031
10.790	2.451
10.800	3.784
10.810	-0.559
10.820	-4.859
10.830	-5.246
10.840	-9.589
10.850	-7.009
10.860	-12.599
10.870	-11.266
10.880	-12.599
10.890	-16.469
10.900	-14.706
10.910	-19.909
10.920	-16.899
10.930	-20.296
10.940	-19.909
10.950	-20.726
10.960	-21.629
10.970	-19.909
10.980	-22.016
10.990	-20.769
11.000	-20.769
11.010	-20.726
11.020	-19.909
11.030	-18.189
11.040	-18.576
11.050	-16.469
11.060	-16.039
11.070	-14.276
11.080	-13.459
11.090	-10.019
11.100	-7.826
11.110	-10.879
11.120	-4.859
11.130	-5.289
11.140	-1.806
11.150	0.301
11.160	1.591
11.170	2.924
11.180	4.601
11.190	8.471
11.200	10.191
11.210	9.374
11.220	13.201
11.230	13.631
11.240	14.921